3D
0.5 1.2 0.3
1.0 2.1 0.8
1.5 0.9 1.2
2.0 1.8 0.5
2.5 2.5 1.5
0.8 0.5 0.2
3.0 1.0 1.8
3.5 2.2 0.9
4.0 0.8 2.1
1.2 3.0 0.6
4.5 1.5 2.5
2.8 2.8 1.1
5.0 2.0 3.0
3.2 0.6 1.4
5.5 2.5 2.8
1.8 3.5 0.7
6.0 1.2 3.2
4.2 3.0 1.6
6.5 2.8 3.5
2.2 0.4 0.4
7.0 3.0 4.0
5.8 1.8 1.9
7.5 3.2 3.8
3.8 3.8 1.3
8.0 2.5 4.2
6.2 0.5 2.2
8.5 3.5 4.5
4.5 4.0 1.7
9.0 2.0 4.8
7.0 3.5 2.5
9.5 4.0 5.0
5.2 1.0 1.0
10.0 3.0 5.5
8.2 4.2 2.8
10.5 4.5 5.2
6.0 4.5 1.5
11.0 3.5 5.8
9.0 1.5 3.0
11.5 4.8 6.0
6.8 2.5 1.2
12.0 4.0 6.5
10.0 4.8 3.2
12.5 5.0 6.8
7.5 5.0 1.8
13.0 4.5 7.0
10.8 2.0 3.5
13.5 5.2 7.2
8.0 3.0 2.0
14.0 5.0 7.5
11.5 5.5 3.8
